Version ID : 12.8.0
________________________________________________________________________________________________________________________________________________________________________
Body initial positions and orientations in global coordinates
________________________________________________________________________________________________________________________________________________________________________
Time : 19:28:13
Date : 28:02.2023
________________________________________________________________________________________________________________________________________________________________________
________________________________________________________________________________________________________________________________________________________________________
Body data for body number :  1 with the name :monopile
Body initial position:                  0.00000E+00  0.00000E+00  7.50000E+01
Body initial velocity:                  0.00000E+00  0.00000E+00  0.00000E+00
Body initial rotation velocity vector:  0.00000E+00  0.00000E+00  0.00000E+00
Body mass     [kg]   :                  1.30068E+06
Body inertia  [kg m^2]:                 Ixx          Iyy          Izz          Ixy          Ixz          Iyz
                                        3.76903E+09  3.76903E+09  2.97076E+07  0.00000E+00  0.00000E+00  0.00000E+00
Body Center of gravity (Gl) [m]:        COG_x        COG_y        COG_z
                                        0.00000E+00  0.00000E+00  4.61907E+01
Body Center of gravity (Body) [m]:      COG_x        COG_y        COG_z
                                        0.00000E+00  0.00000E+00 -4.61907E+01
Body coo orientation (the A-matrix):
         xvec         yvec         zvec
  1.00000E+00  0.00000E+00  0.00000E+00
  0.00000E+00  1.00000E+00  0.00000E+00
  0.00000E+00  0.00000E+00  1.00000E+00
________________________________________________________________________________________________________________________________________________________________________
Body data for body number :  2 with the name :tower
Body initial position:                  0.00000E+00  0.00000E+00 -1.50000E+01
Body initial velocity:                  0.00000E+00  0.00000E+00  0.00000E+00
Body initial rotation velocity vector:  0.00000E+00  0.00000E+00  0.00000E+00
Body mass     [kg]   :                  8.11611E+05
Body inertia  [kg m^2]:                 Ixx          Iyy          Izz          Ixy          Ixz          Iyz
                                        3.35915E+09  3.35915E+09  1.48460E+07  0.00000E+00  0.00000E+00  0.00000E+00
Body Center of gravity (Gl) [m]:        COG_x        COG_y        COG_z
                                        0.00000E+00  0.00000E+00  5.28202E+01
Body Center of gravity (Body) [m]:      COG_x        COG_y        COG_z
                                        0.00000E+00  0.00000E+00 -5.28202E+01
Body coo orientation (the A-matrix):
         xvec         yvec         zvec
  1.00000E+00  0.00000E+00  0.00000E+00
  0.00000E+00  1.00000E+00  0.00000E+00
  0.00000E+00  0.00000E+00  1.00000E+00
________________________________________________________________________________________________________________________________________________________________________
Body data for body number :  3 with the name :towertop
Body initial position:                  0.00000E+00  0.00000E+00 -1.44386E+02
Body initial velocity:                  0.00000E+00  0.00000E+00  0.00000E+00
Body initial rotation velocity vector:  0.00000E+00  0.00000E+00  0.00000E+00
Body mass     [kg]   :                  6.75179E+05
Body inertia  [kg m^2]:                 Ixx          Iyy          Izz          Ixy          Ixz          Iyz
                                        3.39090E+07  2.23793E+07  2.25389E+07  0.00000E+00  0.00000E+00  1.30530E+07
Body Center of gravity (Gl) [m]:        COG_x        COG_y        COG_z
                                        0.00000E+00  4.52227E+00  4.09593E+00
Body Center of gravity (Body) [m]:      COG_x        COG_y        COG_z
                                        0.00000E+00 -4.52227E+00 -4.09593E+00
Body coo orientation (the A-matrix):
         xvec         yvec         zvec
  1.00000E+00  0.00000E+00  0.00000E+00
  0.00000E+00  1.00000E+00  0.00000E+00
  0.00000E+00  0.00000E+00  1.00000E+00
________________________________________________________________________________________________________________________________________________________________________
Body data for body number :  4 with the name :connector
Body initial position:                  0.00000E+00  0.00000E+00 -1.48735E+02
Body initial velocity:                  0.00000E+00  0.00000E+00  0.00000E+00
Body initial rotation velocity vector:  0.00000E+00  0.00000E+00  0.00000E+00
Body mass     [kg]   :                  5.96769E+00
Body inertia  [kg m^2]:                 Ixx          Iyy          Izz          Ixy          Ixz          Iyz
                                        8.18810E+01  8.18810E+01  2.20757E+01  0.00000E+00  0.00000E+00  0.00000E+00
Body Center of gravity (Gl) [m]:        COG_x        COG_y        COG_z
                                        0.00000E+00  2.96750E+00  3.11897E-01
Body Center of gravity (Body) [m]:      COG_x        COG_y        COG_z
                                        0.00000E+00  0.00000E+00  2.98385E+00
Body coo orientation (the A-matrix):
         xvec         yvec         zvec
  1.00000E+00  0.00000E+00  0.00000E+00
  0.00000E+00 -1.04528E-01 -9.94522E-01
  0.00000E+00  9.94522E-01 -1.04528E-01
________________________________________________________________________________________________________________________________________________________________________
Body data for body number :  5 with the name :shaft
Body initial position:                  0.00000E+00 -5.93500E+00 -1.49359E+02
Body initial velocity:                  0.00000E+00  0.00000E+00  0.00000E+00
Body initial rotation velocity vector:  0.00000E+00  0.00000E+00 -2.00000E-01
Body mass     [kg]   :                  6.93661E+04
Body inertia  [kg m^2]:                 Ixx          Iyy          Izz          Ixy          Ixz          Iyz
                                        2.60631E+06  2.60631E+06  2.81030E+06  0.00000E+00  0.00000E+00  0.00000E+00
Body Center of gravity (Gl) [m]:        COG_x        COG_y        COG_z
                                        0.00000E+00  6.09603E+00  6.40719E-01
Body Center of gravity (Body) [m]:      COG_x        COG_y        COG_z
                                        0.00000E+00  0.00000E+00  6.12961E+00
Body coo orientation (the A-matrix):
         xvec         yvec         zvec
  1.00000E+00  0.00000E+00  0.00000E+00
  0.00000E+00 -1.04528E-01 -9.94522E-01
  0.00000E+00  9.94522E-01 -1.04528E-01
________________________________________________________________________________________________________________________________________________________________________
Body data for body number :  6 with the name :hub1
Body initial position:                  0.00000E+00 -1.20313E+01 -1.50000E+02
Body initial velocity:                 -1.16573E-15  0.00000E+00  0.00000E+00
Body initial rotation velocity vector:  9.62965E-33  1.99513E-01 -1.39513E-02
Body mass     [kg]   :                  3.97000E+00
Body inertia  [kg m^2]:                 Ixx          Iyy          Izz          Ixy          Ixz          Iyz
                                        2.81998E+01  2.81998E+01  1.46858E+01  0.00000E+00  0.00000E+00  0.00000E+00
Body Center of gravity (Gl) [m]:        COG_x        COG_y        COG_z
                                       -2.42500E-16 -6.92755E-02  1.98379E+00
Body Center of gravity (Body) [m]:      COG_x        COG_y        COG_z
                                        0.00000E+00  0.00000E+00  1.98500E+00
Body coo orientation (the A-matrix):
         xvec         yvec         zvec
 -1.00000E+00  8.54270E-18  1.22166E-16
  1.28010E-17  9.99391E-01  3.48995E-02
 -1.21794E-16  3.48995E-02 -9.99391E-01
________________________________________________________________________________________________________________________________________________________________________
Body data for body number :  7 with the name :hub2
Body initial position:                  0.00000E+00 -1.20313E+01 -1.50000E+02
Body initial velocity:                 -1.16573E-15  0.00000E+00  0.00000E+00
Body initial rotation velocity vector:  7.63278E-17  1.99513E-01 -1.39513E-02
Body mass     [kg]   :                  3.97000E+00
Body inertia  [kg m^2]:                 Ixx          Iyy          Izz          Ixy          Ixz          Iyz
                                        2.81998E+01  2.81998E+01  1.46858E+01  0.00000E+00  0.00000E+00  0.00000E+00
Body Center of gravity (Gl) [m]:        COG_x        COG_y        COG_z
                                       -1.71487E+00  2.41200E-01 -9.70185E-01
Body Center of gravity (Body) [m]:      COG_x        COG_y        COG_z
                                        0.00000E+00  0.00000E+00  1.98500E+00
Body coo orientation (the A-matrix):
         xvec         yvec         zvec
  5.00000E-01  6.04109E-02  8.63916E-01
  9.05243E-02  9.88454E-01 -1.21511E-01
 -8.61281E-01  1.38961E-01  4.88758E-01
________________________________________________________________________________________________________________________________________________________________________
Body data for body number :  8 with the name :hub3
Body initial position:                  0.00000E+00 -1.20313E+01 -1.50000E+02
Body initial velocity:                 -1.16573E-15  0.00000E+00  0.00000E+00
Body initial rotation velocity vector: -7.63278E-17  1.99513E-01 -1.39513E-02
Body mass     [kg]   :                  3.97000E+00
Body inertia  [kg m^2]:                 Ixx          Iyy          Izz          Ixy          Ixz          Iyz
                                        2.81998E+01  2.81998E+01  1.46858E+01  0.00000E+00  0.00000E+00  0.00000E+00
Body Center of gravity (Gl) [m]:        COG_x        COG_y        COG_z
                                        1.71487E+00  2.41200E-01 -9.70185E-01
Body Center of gravity (Body) [m]:      COG_x        COG_y        COG_z
                                        0.00000E+00  0.00000E+00  1.98500E+00
Body coo orientation (the A-matrix):
         xvec         yvec         zvec
  5.00000E-01 -6.04109E-02 -8.63916E-01
 -9.05243E-02  9.88454E-01 -1.21511E-01
  8.61281E-01  1.38961E-01  4.88758E-01
________________________________________________________________________________________________________________________________________________________________________
Body data for body number :  9 with the name :blade1_1
Body initial position:                  2.28304E-02 -1.18859E+01 -1.53967E+02
Body initial velocity:                 -7.92160E-01  4.77284E-04 -4.54106E-03
Body initial rotation velocity vector:  9.24446E-33  1.99513E-01 -1.39513E-02
Body mass     [kg]   :                  1.00602E+04
Body inertia  [kg m^2]:                 Ixx          Iyy          Izz          Ixy          Ixz          Iyz
                                        7.23328E+04  7.25290E+04  6.52215E+04 -7.10342E+01  1.14678E+02 -1.09363E+00
Body Center of gravity (Gl) [m]:        COG_x        COG_y        COG_z
                                       -2.70943E-02 -8.25946E-02  1.70989E+00
Body Center of gravity (Body) [m]:      COG_x        COG_y        COG_z
                                       -2.70943E-02  2.28701E-02  1.71173E+00
Body coo orientation (the A-matrix):
         xvec         yvec         zvec
 -1.00000E+00  8.54270E-18  1.22166E-16
  1.28010E-17  9.99391E-01  3.48995E-02
 -1.21794E-16  3.48995E-02 -9.99391E-01
________________________________________________________________________________________________________________________________________________________________________
Body data for body number : 10 with the name :blade1_2
Body initial position:                  9.16760E-02 -1.17075E+01 -1.57477E+02
Body initial velocity:                 -1.49400E+00  1.91655E-03 -1.82348E-02
Body initial rotation velocity vector:  8.85928E-33  1.99513E-01 -1.39513E-02
Body mass     [kg]   :                  8.08118E+03
Body inertia  [kg m^2]:                 Ixx          Iyy          Izz          Ixy          Ixz          Iyz
                                        5.46325E+04  5.62308E+04  4.77768E+04 -1.46039E+03 -1.57230E+02  1.48911E+02
Body Center of gravity (Gl) [m]:        COG_x        COG_y        COG_z
                                       -3.41789E-02 -9.00495E-02  1.69322E+00
Body Center of gravity (Body) [m]:      COG_x        COG_y        COG_z
                                       -3.41789E-02  3.09020E-02  1.69533E+00
Body coo orientation (the A-matrix):
         xvec         yvec         zvec
 -1.00000E+00  8.54270E-18  1.22166E-16
  1.28010E-17  9.99391E-01  3.48995E-02
 -1.21794E-16  3.48995E-02 -9.99391E-01
________________________________________________________________________________________________________________________________________________________________________
Body data for body number : 11 with the name :blade1_3
Body initial position:                  1.56760E-01 -1.15232E+01 -1.60988E+02
Body initial velocity:                 -2.19624E+00  3.27717E-03 -3.11802E-02
Body initial rotation velocity vector:  8.47409E-33  1.99513E-01 -1.39513E-02
Body mass     [kg]   :                  6.46125E+03
Body inertia  [kg m^2]:                 Ixx          Iyy          Izz          Ixy          Ixz          Iyz
                                        4.12553E+04  4.36996E+04  3.35787E+04 -2.50828E+03 -2.10001E+02  1.94463E+02
Body Center of gravity (Gl) [m]:        COG_x        COG_y        COG_z
                                       -5.68336E-02 -1.02735E-01  1.71107E+00
Body Center of gravity (Body) [m]:      COG_x        COG_y        COG_z
                                       -5.68336E-02  4.29566E-02  1.71361E+00
Body coo orientation (the A-matrix):
         xvec         yvec         zvec
 -1.00000E+00  8.54270E-18  1.22166E-16
  1.28010E-17  9.99391E-01  3.48995E-02
 -1.21794E-16  3.48995E-02 -9.99391E-01
________________________________________________________________________________________________________________________________________________________________________
Body data for body number : 12 with the name :blade1_4
Body initial position:                  2.71162E-01 -1.13212E+01 -1.64497E+02
Body initial velocity:                 -2.89830E+00  5.66883E-03 -5.39353E-02
Body initial rotation velocity vector:  8.47409E-33  1.99513E-01 -1.39513E-02
Body mass     [kg]   :                  5.67096E+03
Body inertia  [kg m^2]:                 Ixx          Iyy          Izz          Ixy          Ixz          Iyz
                                        3.29026E+04  3.65465E+04  2.48849E+04 -3.03621E+03 -4.22564E+02  2.70804E+02
Body Center of gravity (Gl) [m]:        COG_x        COG_y        COG_z
                                       -7.50121E-02 -1.04722E-01  1.70140E+00
Body Center of gravity (Body) [m]:      COG_x        COG_y        COG_z
                                       -7.50121E-02  4.52800E-02  1.70402E+00
Body coo orientation (the A-matrix):
         xvec         yvec         zvec
 -1.00000E+00  8.54270E-18  1.22166E-16
  1.28010E-17  9.99391E-01  3.48995E-02
 -1.21794E-16  3.48995E-02 -9.99391E-01
________________________________________________________________________________________________________________________________________________________________________
Body data for body number : 13 with the name :blade1_5
Body initial position:                  3.90709E-01 -1.11307E+01 -1.68005E+02
Body initial velocity:                 -3.60008E+00  8.16805E-03 -7.77138E-02
Body initial rotation velocity vector:  8.08891E-33  1.99513E-01 -1.39513E-02
Body mass     [kg]   :                  7.64361E+03
Body inertia  [kg m^2]:                 Ixx          Iyy          Izz          Ixy          Ixz          Iyz
                                        1.20416E+05  1.29766E+05  2.93297E+04 -5.27037E+03 -4.98484E+03  2.70820E+03
Body Center of gravity (Gl) [m]:        COG_x        COG_y        COG_z
                                       -1.69677E-01 -2.05269E-01  3.21457E+00
Body Center of gravity (Body) [m]:      COG_x        COG_y        COG_z
                                       -1.69677E-01  9.29572E-02  3.21978E+00
Body coo orientation (the A-matrix):
         xvec         yvec         zvec
 -1.00000E+00  8.54270E-18  1.22166E-16
  1.28010E-17  9.99391E-01  3.48995E-02
 -1.21794E-16  3.48995E-02 -9.99391E-01
________________________________________________________________________________________________________________________________________________________________________
Body data for body number : 14 with the name :blade1_6
Body initial position:                  4.85203E-01 -1.08208E+01 -1.75028E+02
Body initial velocity:                 -5.00349E+00  1.01435E-02 -9.65090E-02
Body initial rotation velocity vector:  7.70372E-33  1.99513E-01 -1.39513E-02
Body mass     [kg]   :                  5.24428E+03
Body inertia  [kg m^2]:                 Ixx          Iyy          Izz          Ixy          Ixz          Iyz
                                        1.11857E+05  1.20517E+05  1.77804E+04 -3.29718E+03 -6.99878E+03  2.46028E+03
Body Center of gravity (Gl) [m]:        COG_x        COG_y        COG_z
                                       -3.13763E-01 -2.57175E-01  3.84545E+00
Body Center of gravity (Body) [m]:      COG_x        COG_y        COG_z
                                       -3.13763E-01  1.22814E-01  3.85208E+00
Body coo orientation (the A-matrix):
         xvec         yvec         zvec
 -1.00000E+00  8.54270E-18  1.22166E-16
  1.28010E-17  9.99391E-01  3.48995E-02
 -1.21794E-16  3.48995E-02 -9.99391E-01
________________________________________________________________________________________________________________________________________________________________________
Body data for body number : 15 with the name :blade1_7
Body initial position:                  4.57592E-01 -1.05438E+01 -1.83213E+02
Body initial velocity:                 -6.63737E+00  9.56627E-03 -9.10170E-02
Body initial rotation velocity vector:  7.31853E-33  1.99513E-01 -1.39513E-02
Body mass     [kg]   :                  8.33876E+03
Body inertia  [kg m^2]:                 Ixx          Iyy          Izz          Ixy          Ixz          Iyz
                                        8.25968E+05  8.40869E+05  2.17664E+04 -1.66522E+03 -2.87318E+04  1.11340E+02
Body Center of gravity (Gl) [m]:        COG_x        COG_y        COG_z
                                       -4.16227E-01 -3.26718E-01  8.53123E+00
Body Center of gravity (Body) [m]:      COG_x        COG_y        COG_z
                                       -4.16227E-01  2.87839E-02  8.53743E+00
Body coo orientation (the A-matrix):
         xvec         yvec         zvec
 -1.00000E+00  8.54270E-18  1.22166E-16
  1.28010E-17  9.99391E-01  3.48995E-02
 -1.21794E-16  3.48995E-02 -9.99391E-01
________________________________________________________________________________________________________________________________________________________________________
Body data for body number : 16 with the name :blade1_8
Body initial position:                  3.41056E-01 -1.00301E+01 -2.00777E+02
Body initial velocity:                 -1.01416E+01  7.13002E-03 -6.78376E-02
Body initial rotation velocity vector:  7.31853E-33  1.99513E-01 -1.39513E-02
Body mass     [kg]   :                  8.80411E+03
Body inertia  [kg m^2]:                 Ixx          Iyy          Izz          Ixy          Ixz          Iyz
                                        1.49196E+06  1.50181E+06  1.49529E+04  5.06774E+02 -3.50606E+04 -3.62836E+04
Body Center of gravity (Gl) [m]:        COG_x        COG_y        COG_z
                                       -3.94706E-01 -1.40809E-01  1.11350E+01
Body Center of gravity (Body) [m]:      COG_x        COG_y        COG_z
                                       -3.94706E-01 -2.47882E-01  1.11331E+01
Body coo orientation (the A-matrix):
         xvec         yvec         zvec
 -1.00000E+00  8.54270E-18  1.22166E-16
  1.28010E-17  9.99391E-01  3.48995E-02
 -1.21794E-16  3.48995E-02 -9.99391E-01
________________________________________________________________________________________________________________________________________________________________________
Body data for body number : 17 with the name :blade1_9
Body initial position:                  2.12021E-01 -9.91308E+00 -2.24209E+02
Body initial velocity:                 -1.48047E+01  4.43245E-03 -4.21719E-02
Body initial rotation velocity vector:  7.31853E-33  1.99513E-01 -1.39513E-02
Body mass     [kg]   :                  5.16194E+03
Body inertia  [kg m^2]:                 Ixx          Iyy          Izz          Ixy          Ixz          Iyz
                                        7.72109E+05  7.72071E+05  6.08588E+03  2.35721E+02 -3.55306E+03 -4.49310E+04
Body Center of gravity (Gl) [m]:        COG_x        COG_y        COG_z
                                       -1.26865E-01  2.29678E-01  1.02927E+01
Body Center of gravity (Body) [m]:      COG_x        COG_y        COG_z
                                       -1.26865E-01 -5.88749E-01  1.02784E+01
Body coo orientation (the A-matrix):
         xvec         yvec         zvec
 -1.00000E+00  8.54270E-18  1.22166E-16
  1.28010E-17  9.99391E-01  3.48995E-02
 -1.21794E-16  3.48995E-02 -9.99391E-01
________________________________________________________________________________________________________________________________________________________________________
Body data for body number : 18 with the name :blade1_10
Body initial position:                  7.16782E-02 -1.05417E+01 -2.47636E+02
Body initial velocity:                 -1.94514E+01  1.49848E-03 -1.42571E-02
Body initial rotation velocity vector:  7.31853E-33  1.99513E-01 -1.39513E-02
Body mass     [kg]   :                  1.40831E+03
Body inertia  [kg m^2]:                 Ixx          Iyy          Izz          Ixy          Ixz          Iyz
                                        1.45542E+05  1.44917E+05  1.52403E+03  1.50152E+02 -1.62462E+03 -1.21456E+04
Body Center of gravity (Gl) [m]:        COG_x        COG_y        COG_z
                                       -1.42653E-01  3.94061E-01  8.22853E+00
Body Center of gravity (Body) [m]:      COG_x        COG_y        COG_z
                                       -1.42653E-01 -6.80993E-01  8.20976E+00
Body coo orientation (the A-matrix):
         xvec         yvec         zvec
 -1.00000E+00  8.54270E-18  1.22166E-16
  1.28010E-17  9.99391E-01  3.48995E-02
 -1.21794E-16  3.48995E-02 -9.99391E-01
________________________________________________________________________________________________________________________________________________________________________
Body data for body number : 19 with the name :blade2_1
Body initial position:                  3.41874E+00 -1.25090E+01 -1.48039E+02
Body initial velocity:                  4.00034E-01  7.14711E-02 -6.80002E-01
Body initial rotation velocity vector:  8.32667E-17  1.99513E-01 -1.39513E-02
Body mass     [kg]   :                  1.00602E+04
Body inertia  [kg m^2]:                 Ixx          Iyy          Izz          Ixy          Ixz          Iyz
                                        7.23328E+04  7.25290E+04  6.52215E+04 -7.10342E+01  1.14678E+02 -1.09363E+00
Body Center of gravity (Gl) [m]:        COG_x        COG_y        COG_z
                                       -1.46662E+00  1.87841E-01 -8.63135E-01
Body Center of gravity (Body) [m]:      COG_x        COG_y        COG_z
                                       -2.70943E-02  2.28701E-02  1.71173E+00
Body coo orientation (the A-matrix):
         xvec         yvec         zvec
  5.00000E-01  6.04109E-02  8.63916E-01
  9.05243E-02  9.88454E-01 -1.21511E-01
 -8.61281E-01  1.38961E-01  4.88758E-01
________________________________________________________________________________________________________________________________________________________________________
Body data for body number : 20 with the name :blade2_2
Body initial position:                  6.42339E+00 -1.28870E+01 -1.46255E+02
Body initial velocity:                  7.62881E-01  1.34285E-01 -1.27764E+00
Body initial rotation velocity vector:  9.02056E-17  1.99513E-01 -1.39513E-02
Body mass     [kg]   :                  8.08118E+03
Body inertia  [kg m^2]:                 Ixx          Iyy          Izz          Ixy          Ixz          Iyz
                                        5.46325E+04  5.62308E+04  4.77768E+04 -1.46039E+03 -1.57230E+02  1.48911E+02
Body Center of gravity (Gl) [m]:        COG_x        COG_y        COG_z
                                       -1.44940E+00  1.78551E-01 -8.62340E-01
Body Center of gravity (Body) [m]:      COG_x        COG_y        COG_z
                                       -3.41789E-02  3.09020E-02  1.69533E+00
Body coo orientation (the A-matrix):
         xvec         yvec         zvec
  5.00000E-01  6.04109E-02  8.63916E-01
  9.05243E-02  9.88454E-01 -1.21511E-01
 -8.61281E-01  1.38961E-01  4.88758E-01
________________________________________________________________________________________________________________________________________________________________________
Body data for body number : 21 with the name :blade2_3
Body initial position:                  9.43164E+00 -1.32592E+01 -1.44472E+02
Body initial velocity:                  1.12527E+00  1.97175E-01 -1.87599E+00
Body initial rotation velocity vector:  9.36751E-17  1.99513E-01 -1.39513E-02
Body mass     [kg]   :                  6.46125E+03
Body inertia  [kg m^2]:                 Ixx          Iyy          Izz          Ixy          Ixz          Iyz
                                        4.12553E+04  4.36996E+04  3.35787E+04 -2.50828E+03 -2.10001E+02  1.94463E+02
Body Center of gravity (Gl) [m]:        COG_x        COG_y        COG_z
                                       -1.45459E+00  1.70907E-01 -8.92459E-01
Body Center of gravity (Body) [m]:      COG_x        COG_y        COG_z
                                       -5.68336E-02  4.29566E-02  1.71361E+00
Body coo orientation (the A-matrix):
         xvec         yvec         zvec
  5.00000E-01  6.04109E-02  8.63916E-01
  9.05243E-02  9.88454E-01 -1.21511E-01
 -8.61281E-01  1.38961E-01  4.88758E-01
________________________________________________________________________________________________________________________________________________________________________
Body data for body number : 22 with the name :blade2_4
Body initial position:                  1.24144E+01 -1.36179E+01 -1.42645E+02
Body initial velocity:                  1.49611E+00  2.59532E-01 -2.46928E+00
Body initial rotation velocity vector:  1.00614E-16  1.99513E-01 -1.39513E-02
Body mass     [kg]   :                  5.67096E+03
Body inertia  [kg m^2]:                 Ixx          Iyy          Izz          Ixy          Ixz          Iyz
                                        3.29026E+04  3.65465E+04  2.48849E+04 -3.03621E+03 -4.22564E+02  2.70804E+02
Body Center of gravity (Gl) [m]:        COG_x        COG_y        COG_z
                                       -1.43736E+00  1.69091E-01 -9.03753E-01
Body Center of gravity (Body) [m]:      COG_x        COG_y        COG_z
                                       -7.50121E-02  4.52800E-02  1.70402E+00
Body coo orientation (the A-matrix):
         xvec         yvec         zvec
  5.00000E-01  6.04109E-02  8.63916E-01
  9.05243E-02  9.88454E-01 -1.21511E-01
 -8.61281E-01  1.38961E-01  4.88758E-01
________________________________________________________________________________________________________________________________________________________________________
Body data for body number : 23 with the name :blade2_5
Body initial position:                  1.53934E+01 -1.39884E+01 -1.40816E+02
Body initial velocity:                  1.86771E+00  3.21811E-01 -3.06182E+00
Body initial rotation velocity vector:  1.11022E-16  1.99513E-01 -1.39513E-02
Body mass     [kg]   :                  7.64361E+03
Body inertia  [kg m^2]:                 Ixx          Iyy          Izz          Ixy          Ixz          Iyz
                                        1.20416E+05  1.29766E+05  2.93297E+04 -5.27037E+03 -4.98484E+03  2.70820E+03
Body Center of gravity (Gl) [m]:        COG_x        COG_y        COG_z
                                       -2.70239E+00  3.14715E-01 -1.73275E+00
Body Center of gravity (Body) [m]:      COG_x        COG_y        COG_z
                                       -1.69677E-01  9.29572E-02  3.21978E+00
Body coo orientation (the A-matrix):
         xvec         yvec         zvec
  5.00000E-01  6.04109E-02  8.63916E-01
  9.05243E-02  9.88454E-01 -1.21511E-01
 -8.61281E-01  1.38961E-01  4.88758E-01
________________________________________________________________________________________________________________________________________________________________________
Body data for body number : 24 with the name :blade2_6
Body initial position:                  2.14231E+01 -1.47873E+01 -1.37290E+02
Body initial velocity:                  2.58578E+00  4.47866E-01 -4.26116E+00
Body initial rotation velocity vector:  1.17961E-16  1.99513E-01 -1.39513E-02
Body mass     [kg]   :                  5.24428E+03
Body inertia  [kg m^2]:                 Ixx          Iyy          Izz          Ixy          Ixz          Iyz
                                        1.11857E+05  1.20517E+05  1.77804E+04 -3.29718E+03 -6.99878E+03  2.46028E+03
Body Center of gravity (Gl) [m]:        COG_x        COG_y        COG_z
                                       -3.17841E+00  3.75079E-01 -2.17004E+00
Body Center of gravity (Body) [m]:      COG_x        COG_y        COG_z
                                       -3.13763E-01  1.22814E-01  3.85208E+00
Body coo orientation (the A-matrix):
         xvec         yvec         zvec
  5.00000E-01  6.04109E-02  8.63916E-01
  9.05243E-02  9.88454E-01 -1.21511E-01
 -8.61281E-01  1.38961E-01  4.88758E-01
________________________________________________________________________________________________________________________________________________________________________
Body data for body number : 25 with the name :blade2_7
Body initial position:                  2.85118E+01 -1.57887E+01 -1.33312E+02
Body initial velocity:                  3.39794E+00  5.96060E-01 -5.67113E+00
Body initial rotation velocity vector:  1.21431E-16  1.99513E-01 -1.39513E-02
Body mass     [kg]   :                  8.33876E+03
Body inertia  [kg m^2]:                 Ixx          Iyy          Izz          Ixy          Ixz          Iyz
                                        8.25968E+05  8.40869E+05  2.17664E+04 -1.66522E+03 -2.87318E+04  1.11340E+02
Body Center of gravity (Gl) [m]:        COG_x        COG_y        COG_z
                                       -7.16925E+00  1.04662E+00 -4.53523E+00
Body Center of gravity (Body) [m]:      COG_x        COG_y        COG_z
                                       -4.16227E-01  2.87839E-02  8.53743E+00
Body coo orientation (the A-matrix):
         xvec         yvec         zvec
  5.00000E-01  6.04109E-02  8.63916E-01
  9.05243E-02  9.88454E-01 -1.21511E-01
 -8.61281E-01  1.38961E-01  4.88758E-01
________________________________________________________________________________________________________________________________________________________________________
Body data for body number : 26 with the name :blade2_8
Body initial position:                  4.37440E+01 -1.80116E+01 -1.24838E+02
Body initial velocity:                  5.12989E+00  9.14500E-01 -8.70088E+00
Body initial rotation velocity vector:  1.24900E-16  1.99513E-01 -1.39513E-02
Body mass     [kg]   :                  8.80411E+03
Body inertia  [kg m^2]:                 Ixx          Iyy          Izz          Ixy          Ixz          Iyz
                                        1.49196E+06  1.50181E+06  1.49529E+04  5.06774E+02 -3.50606E+04 -3.62836E+04
Body Center of gravity (Gl) [m]:        COG_x        COG_y        COG_z
                                       -9.40574E+00  1.63355E+00 -5.74690E+00
Body Center of gravity (Body) [m]:      COG_x        COG_y        COG_z
                                       -3.94706E-01 -2.47882E-01  1.11331E+01
Body coo orientation (the A-matrix):
         xvec         yvec         zvec
  5.00000E-01  6.04109E-02  8.63916E-01
  9.05243E-02  9.88454E-01 -1.21511E-01
 -8.61281E-01  1.38961E-01  4.88758E-01
________________________________________________________________________________________________________________________________________________________________________
Body data for body number : 27 with the name :blade2_9
Body initial position:                  6.40003E+01 -2.15386E+01 -1.13599E+02
Body initial velocity:                  7.43908E+00  1.33797E+00 -1.27299E+01
Body initial rotation velocity vector:  1.28370E-16  1.99513E-01 -1.39513E-02
Body mass     [kg]   :                  5.16194E+03
Body inertia  [kg m^2]:                 Ixx          Iyy          Izz          Ixy          Ixz          Iyz
                                        7.72109E+05  7.72071E+05  6.08588E+03  2.35721E+02 -3.55306E+03 -4.49310E+04
Body Center of gravity (Gl) [m]:        COG_x        COG_y        COG_z
                                       -8.78069E+00  1.84238E+00 -5.05111E+00
Body Center of gravity (Body) [m]:      COG_x        COG_y        COG_z
                                       -1.26865E-01 -5.88749E-01  1.02784E+01
Body coo orientation (the A-matrix):
         xvec         yvec         zvec
  5.00000E-01  6.04109E-02  8.63916E-01
  9.05243E-02  9.88454E-01 -1.21511E-01
 -8.61281E-01  1.38961E-01  4.88758E-01
________________________________________________________________________________________________________________________________________________________________________
Body data for body number : 28 with the name :blade2_10
Body initial position:                  8.41910E+01 -2.57974E+01 -1.02488E+02
Body initial velocity:                  9.73810E+00  1.76007E+00 -1.67460E+01
Body initial rotation velocity vector:  1.35308E-16  1.99513E-01 -1.39513E-02
Body mass     [kg]   :                  1.40831E+03
Body inertia  [kg m^2]:                 Ixx          Iyy          Izz          Ixy          Ixz          Iyz
                                        1.45542E+05  1.44917E+05  1.52403E+03  1.50152E+02 -1.62462E+03 -1.21456E+04
Body Center of gravity (Gl) [m]:        COG_x        COG_y        COG_z
                                       -6.98008E+00  1.68362E+00 -4.04082E+00
Body Center of gravity (Body) [m]:      COG_x        COG_y        COG_z
                                       -1.42653E-01 -6.80993E-01  8.20976E+00
Body coo orientation (the A-matrix):
         xvec         yvec         zvec
  5.00000E-01  6.04109E-02  8.63916E-01
  9.05243E-02  9.88454E-01 -1.21511E-01
 -8.61281E-01  1.38961E-01  4.88758E-01
________________________________________________________________________________________________________________________________________________________________________
Body data for body number : 29 with the name :blade3_1
Body initial position:                 -3.44157E+00 -1.25048E+01 -1.48078E+02
Body initial velocity:                  3.92125E-01 -7.19483E-02  6.84543E-01
Body initial rotation velocity vector: -8.32667E-17  1.99513E-01 -1.39513E-02
Body mass     [kg]   :                  1.00602E+04
Body inertia  [kg m^2]:                 Ixx          Iyy          Izz          Ixy          Ixz          Iyz
                                        7.23328E+04  7.25290E+04  6.52215E+04 -7.10342E+01  1.14678E+02 -1.09363E+00
Body Center of gravity (Gl) [m]:        COG_x        COG_y        COG_z
                                        1.49372E+00  1.82935E-01 -8.16463E-01
Body Center of gravity (Body) [m]:      COG_x        COG_y        COG_z
                                       -2.70943E-02  2.28701E-02  1.71173E+00
Body coo orientation (the A-matrix):
         xvec         yvec         zvec
  5.00000E-01 -6.04109E-02 -8.63916E-01
 -9.05243E-02  9.88454E-01 -1.21511E-01
  8.61281E-01  1.38961E-01  4.88758E-01
________________________________________________________________________________________________________________________________________________________________________
Body data for body number : 30 with the name :blade3_2
Body initial position:                 -6.51507E+00 -1.28704E+01 -1.46412E+02
Body initial velocity:                  7.31123E-01 -1.36202E-01  1.29587E+00
Body initial rotation velocity vector: -9.02056E-17  1.99513E-01 -1.39513E-02
Body mass     [kg]   :                  8.08118E+03
Body inertia  [kg m^2]:                 Ixx          Iyy          Izz          Ixy          Ixz          Iyz
                                        5.46325E+04  5.62308E+04  4.77768E+04 -1.46039E+03 -1.57230E+02  1.48911E+02
Body Center of gravity (Gl) [m]:        COG_x        COG_y        COG_z
                                        1.48358E+00  1.72363E-01 -8.03465E-01
Body Center of gravity (Body) [m]:      COG_x        COG_y        COG_z
                                       -3.41789E-02  3.09020E-02  1.69533E+00
Body coo orientation (the A-matrix):
         xvec         yvec         zvec
  5.00000E-01 -6.04109E-02 -8.63916E-01
 -9.05243E-02  9.88454E-01 -1.21511E-01
  8.61281E-01  1.38961E-01  4.88758E-01
________________________________________________________________________________________________________________________________________________________________________
Body data for body number : 31 with the name :blade3_3
Body initial position:                 -9.58840E+00 -1.32308E+01 -1.44742E+02
Body initial velocity:                  1.07097E+00 -2.00452E-01  1.90717E+00
Body initial rotation velocity vector: -9.36751E-17  1.99513E-01 -1.39513E-02
Body mass     [kg]   :                  6.46125E+03
Body inertia  [kg m^2]:                 Ixx          Iyy          Izz          Ixy          Ixz          Iyz
                                        4.12553E+04  4.36996E+04  3.35787E+04 -2.50828E+03 -2.10001E+02  1.94463E+02
Body Center of gravity (Gl) [m]:        COG_x        COG_y        COG_z
                                        1.51143E+00  1.60617E-01 -7.94560E-01
Body Center of gravity (Body) [m]:      COG_x        COG_y        COG_z
                                       -5.68336E-02  4.29566E-02  1.71361E+00
Body coo orientation (the A-matrix):
         xvec         yvec         zvec
  5.00000E-01 -6.04109E-02 -8.63916E-01
 -9.05243E-02  9.88454E-01 -1.21511E-01
  8.61281E-01  1.38961E-01  4.88758E-01
________________________________________________________________________________________________________________________________________________________________________
Body data for body number : 32 with the name :blade3_4
Body initial position:                 -1.26856E+01 -1.35688E+01 -1.43112E+02
Body initial velocity:                  1.40218E+00 -2.65201E-01  2.52322E+00
Body initial rotation velocity vector: -1.00614E-16  1.99513E-01 -1.39513E-02
Body mass     [kg]   :                  5.67096E+03
Body inertia  [kg m^2]:                 Ixx          Iyy          Izz          Ixy          Ixz          Iyz
                                        3.29026E+04  3.65465E+04  2.48849E+04 -3.03621E+03 -4.22564E+02  2.70804E+02
Body Center of gravity (Gl) [m]:        COG_x        COG_y        COG_z
                                        1.51237E+00  1.55510E-01 -7.74540E-01
Body Center of gravity (Body) [m]:      COG_x        COG_y        COG_z
                                       -7.50121E-02  4.52800E-02  1.70402E+00
Body coo orientation (the A-matrix):
         xvec         yvec         zvec
  5.00000E-01 -6.04109E-02 -8.63916E-01
