Version ID : 12.8.23-138-g12c0bdd-dirty
________________________________________________________________________________________________________________________________________________________________________
Beam element data in used bodies
________________________________________________________________________________________________________________________________________________________________________
Time : 13:28:48
Date : 21:03.2023
________________________________________________________________________________________________________________________________________________________________________
________________________________________________________________________________________________________________________________________________________________________
Beam data for body number :  1 with the name :monopile
Element positions in body coordinates:
 nr_l   ID            L         r1_x         r1_y         r1_z        r12_x        r12_y        r12_z
    -    -            m            m            m            m            m            m            m
    1    1  1.50000E+01  0.00000E+00  0.00000E+00  0.00000E+00  0.00000E+00  0.00000E+00 -1.50000E+01
    2    2  1.50000E+01  0.00000E+00  0.00000E+00 -1.50000E+01  0.00000E+00  0.00000E+00 -1.50000E+01
    3    3  1.50000E+01  0.00000E+00  0.00000E+00 -3.00000E+01  0.00000E+00  0.00000E+00 -1.50000E+01
    4    4  1.00000E+01  0.00000E+00  0.00000E+00 -4.50000E+01  0.00000E+00  0.00000E+00 -1.00000E+01
    5    5  1.00000E+01  0.00000E+00  0.00000E+00 -5.50000E+01  0.00000E+00  0.00000E+00 -1.00000E+01
    6    6  1.00000E+01  0.00000E+00  0.00000E+00 -6.50000E+01  0.00000E+00  0.00000E+00 -1.00000E+01
    7    7  1.00000E+01  0.00000E+00  0.00000E+00 -7.50000E+01  0.00000E+00  0.00000E+00 -1.00000E+01
    8    8  5.00000E+00  0.00000E+00  0.00000E+00 -8.50000E+01  0.00000E+00  0.00000E+00 -5.00000E+00
Element orientation in body coordinates
 nr_l   ID               Local x-vec                            Local y-vec                            Local z-vec
    -    -          x_B          y_B          z_B          x_B          y_B          z_B          x_B          y_B          z_B
    1    1 -1.00000E+00  0.00000E+00  0.00000E+00  0.00000E+00  1.00000E+00  0.00000E+00  0.00000E+00  0.00000E+00 -1.00000E+00
    2    2 -1.00000E+00  0.00000E+00  0.00000E+00  0.00000E+00  1.00000E+00  0.00000E+00  0.00000E+00  0.00000E+00 -1.00000E+00
    3    3 -1.00000E+00  0.00000E+00  0.00000E+00  0.00000E+00  1.00000E+00  0.00000E+00  0.00000E+00  0.00000E+00 -1.00000E+00
    4    4 -1.00000E+00  0.00000E+00  0.00000E+00  0.00000E+00  1.00000E+00  0.00000E+00  0.00000E+00  0.00000E+00 -1.00000E+00
    5    5 -1.00000E+00  0.00000E+00  0.00000E+00  0.00000E+00  1.00000E+00  0.00000E+00  0.00000E+00  0.00000E+00 -1.00000E+00
    6    6 -1.00000E+00  0.00000E+00  0.00000E+00  0.00000E+00  1.00000E+00  0.00000E+00  0.00000E+00  0.00000E+00 -1.00000E+00
    7    7 -1.00000E+00  0.00000E+00  0.00000E+00  0.00000E+00  1.00000E+00  0.00000E+00  0.00000E+00  0.00000E+00 -1.00000E+00
    8    8 -1.00000E+00  0.00000E+00  0.00000E+00  0.00000E+00  1.00000E+00  0.00000E+00  0.00000E+00  0.00000E+00 -1.00000E+00
Element orientation in global coordinates
 nr_l   ID               Local x-vec                            Local y-vec                            Local z-vec
    -    -          x_G          y_G          z_G          x_G          y_G          z_G          x_G          y_G          z_G
    1    1 -1.00000E+00  0.00000E+00  0.00000E+00  0.00000E+00  1.00000E+00  0.00000E+00  0.00000E+00  0.00000E+00 -1.00000E+00
    2    2 -1.00000E+00  0.00000E+00  0.00000E+00  0.00000E+00  1.00000E+00  0.00000E+00  0.00000E+00  0.00000E+00 -1.00000E+00
    3    3 -1.00000E+00  0.00000E+00  0.00000E+00  0.00000E+00  1.00000E+00  0.00000E+00  0.00000E+00  0.00000E+00 -1.00000E+00
    4    4 -1.00000E+00  0.00000E+00  0.00000E+00  0.00000E+00  1.00000E+00  0.00000E+00  0.00000E+00  0.00000E+00 -1.00000E+00
    5    5 -1.00000E+00  0.00000E+00  0.00000E+00  0.00000E+00  1.00000E+00  0.00000E+00  0.00000E+00  0.00000E+00 -1.00000E+00
    6    6 -1.00000E+00  0.00000E+00  0.00000E+00  0.00000E+00  1.00000E+00  0.00000E+00  0.00000E+00  0.00000E+00 -1.00000E+00
    7    7 -1.00000E+00  0.00000E+00  0.00000E+00  0.00000E+00  1.00000E+00  0.00000E+00  0.00000E+00  0.00000E+00 -1.00000E+00
    8    8 -1.00000E+00  0.00000E+00  0.00000E+00  0.00000E+00  1.00000E+00  0.00000E+00  0.00000E+00  0.00000E+00 -1.00000E+00
 nr_l   ID            M         x_cg         y_cg         ri_x         ri_y          XSC          YSC         EMOD         GMOD           IX           IY           IZ           KX           KY         AREA       STRC_P
    -    -         kg/m            m            m            m            m            m            m        N/m^2        N/m^2          m^4          m^4          m^4            -            -          m^2          deg
    1    1  1.44300E+04  0.00000E+00  0.00000E+00  3.51600E+00  3.51600E+00  0.00000E+00  0.00000E+00  2.00000E+11  7.93000E+10  2.13740E+01  2.13740E+01  4.27480E+01  5.08300E-01  5.08300E-01  1.72900E+00  0.00000E+00
    2    2  1.44300E+04  0.00000E+00  0.00000E+00  3.51600E+00  3.51600E+00  0.00000E+00  0.00000E+00  2.00000E+11  7.93000E+10  2.13740E+01  2.13740E+01  4.27480E+01  5.08300E-01  5.08300E-01  1.72900E+00  0.00000E+00
    3    3  1.44300E+04  0.00000E+00  0.00000E+00  3.51600E+00  3.51600E+00  0.00000E+00  0.00000E+00  2.00000E+11  7.93000E+10  2.13740E+01  2.13740E+01  4.27480E+01  5.08300E-01  5.08300E-01  1.72900E+00  0.00000E+00
    4    4  1.44300E+04  0.00000E+00  0.00000E+00  3.51600E+00  3.51600E+00  0.00000E+00  0.00000E+00  2.00000E+11  7.93000E+10  2.13740E+01  2.13740E+01  4.27480E+01  5.08300E-01  5.08300E-01  1.72900E+00  0.00000E+00
    5    5  1.24410E+04  0.00000E+00  0.00000E+00  3.51870E+00  3.51870E+00  0.00000E+00  0.00000E+00  2.00000E+11  7.93000E+10  1.84570E+01  1.84570E+01  3.69130E+01  5.07150E-01  5.07150E-01  1.49070E+00  0.00000E+00
    6    6  1.23580E+04  0.00000E+00  0.00000E+00  3.51880E+00  3.51880E+00  0.00000E+00  0.00000E+00  2.00000E+11  7.93000E+10  1.83350E+01  1.83350E+01  3.66690E+01  5.07100E-01  5.07100E-01  1.48070E+00  0.00000E+00
    7    7  1.03670E+04  0.00000E+00  0.00000E+00  3.52150E+00  3.52150E+00  0.00000E+00  0.00000E+00  2.00000E+11  7.93000E+10  1.54040E+01  1.54040E+01  3.08090E+01  5.05950E-01  5.05950E-01  1.24220E+00  0.00000E+00
    8    8  1.10750E+04  0.00000E+00  0.00000E+00  3.52060E+00  3.52060E+00  0.00000E+00  0.00000E+00  2.00000E+11  7.93000E+10  1.64470E+01  1.64470E+01  3.28940E+01  5.06360E-01  5.06360E-01  1.32700E+00  0.00000E+00
________________________________________________________________________________________________________________________________________________________________________
Beam data for body number :  2 with the name :tower
Element positions in body coordinates:
 nr_l   ID            L         r1_x         r1_y         r1_z        r12_x        r12_y        r12_z
    -    -            m            m            m            m            m            m            m
    1    9  1.50000E+01  0.00000E+00  0.00000E+00  0.00000E+00  0.00000E+00  0.00000E+00 -1.50000E+01
    2   10  1.50000E+01  0.00000E+00  0.00000E+00 -1.50000E+01  0.00000E+00  0.00000E+00 -1.50000E+01
    3   11  1.50000E+01  0.00000E+00  0.00000E+00 -3.00000E+01  0.00000E+00  0.00000E+00 -1.50000E+01
    4   12  1.50000E+01  0.00000E+00  0.00000E+00 -4.50000E+01  0.00000E+00  0.00000E+00 -1.50000E+01
    5   13  1.50000E+01  0.00000E+00  0.00000E+00 -6.00000E+01  0.00000E+00  0.00000E+00 -1.50000E+01
    6   14  1.50000E+01  0.00000E+00  0.00000E+00 -7.50000E+01  0.00000E+00  0.00000E+00 -1.50000E+01
    7   15  1.50000E+01  0.00000E+00  0.00000E+00 -9.00000E+01  0.00000E+00  0.00000E+00 -1.50000E+01
    8   16  1.50000E+01  0.00000E+00  0.00000E+00 -1.05000E+02  0.00000E+00  0.00000E+00 -1.50000E+01
    9   17  9.38600E+00  0.00000E+00  0.00000E+00 -1.20000E+02  0.00000E+00  0.00000E+00 -9.38600E+00
Element orientation in body coordinates
 nr_l   ID               Local x-vec                            Local y-vec                            Local z-vec
    -    -          x_B          y_B          z_B          x_B          y_B          z_B          x_B          y_B          z_B
    1    9 -1.00000E+00  0.00000E+00  0.00000E+00  0.00000E+00  1.00000E+00  0.00000E+00  0.00000E+00  0.00000E+00 -1.00000E+00
    2   10 -1.00000E+00  0.00000E+00  0.00000E+00  0.00000E+00  1.00000E+00  0.00000E+00  0.00000E+00  0.00000E+00 -1.00000E+00
    3   11 -1.00000E+00  0.00000E+00  0.00000E+00  0.00000E+00  1.00000E+00  0.00000E+00  0.00000E+00  0.00000E+00 -1.00000E+00
    4   12 -1.00000E+00  0.00000E+00  0.00000E+00  0.00000E+00  1.00000E+00  0.00000E+00  0.00000E+00  0.00000E+00 -1.00000E+00
    5   13 -1.00000E+00  0.00000E+00  0.00000E+00  0.00000E+00  1.00000E+00  0.00000E+00  0.00000E+00  0.00000E+00 -1.00000E+00
    6   14 -1.00000E+00  0.00000E+00  0.00000E+00  0.00000E+00  1.00000E+00  0.00000E+00  0.00000E+00  0.00000E+00 -1.00000E+00
    7   15 -1.00000E+00  0.00000E+00  0.00000E+00  0.00000E+00  1.00000E+00  0.00000E+00  0.00000E+00  0.00000E+00 -1.00000E+00
    8   16 -1.00000E+00  0.00000E+00  0.00000E+00  0.00000E+00  1.00000E+00  0.00000E+00  0.00000E+00  0.00000E+00 -1.00000E+00
    9   17 -1.00000E+00  0.00000E+00  0.00000E+00  0.00000E+00  1.00000E+00  0.00000E+00  0.00000E+00  0.00000E+00 -1.00000E+00
Element orientation in global coordinates
 nr_l   ID               Local x-vec                            Local y-vec                            Local z-vec
    -    -          x_G          y_G          z_G          x_G          y_G          z_G          x_G          y_G          z_G
    1    9 -1.00000E+00  0.00000E+00  0.00000E+00  0.00000E+00  1.00000E+00  0.00000E+00  0.00000E+00  0.00000E+00 -1.00000E+00
    2   10 -1.00000E+00  0.00000E+00  0.00000E+00  0.00000E+00  1.00000E+00  0.00000E+00  0.00000E+00  0.00000E+00 -1.00000E+00
    3   11 -1.00000E+00  0.00000E+00  0.00000E+00  0.00000E+00  1.00000E+00  0.00000E+00  0.00000E+00  0.00000E+00 -1.00000E+00
    4   12 -1.00000E+00  0.00000E+00  0.00000E+00  0.00000E+00  1.00000E+00  0.00000E+00  0.00000E+00  0.00000E+00 -1.00000E+00
    5   13 -1.00000E+00  0.00000E+00  0.00000E+00  0.00000E+00  1.00000E+00  0.00000E+00  0.00000E+00  0.00000E+00 -1.00000E+00
    6   14 -1.00000E+00  0.00000E+00  0.00000E+00  0.00000E+00  1.00000E+00  0.00000E+00  0.00000E+00  0.00000E+00 -1.00000E+00
    7   15 -1.00000E+00  0.00000E+00  0.00000E+00  0.00000E+00  1.00000E+00  0.00000E+00  0.00000E+00  0.00000E+00 -1.00000E+00
    8   16 -1.00000E+00  0.00000E+00  0.00000E+00  0.00000E+00  1.00000E+00  0.00000E+00  0.00000E+00  0.00000E+00 -1.00000E+00
    9   17 -1.00000E+00  0.00000E+00  0.00000E+00  0.00000E+00  1.00000E+00  0.00000E+00  0.00000E+00  0.00000E+00 -1.00000E+00
 nr_l   ID            M         x_cg         y_cg         ri_x         ri_y          XSC          YSC         EMOD         GMOD           IX           IY           IZ           KX           KY         AREA       STRC_P
    -    -         kg/m            m            m            m            m            m            m        N/m^2        N/m^2          m^4          m^4          m^4            -            -          m^2          deg
    1    9  9.91449E+03  0.00000E+00  0.00000E+00  3.51848E+00  3.51848E+00  0.00000E+00  0.00000E+00  2.00000E+11  7.93000E+10  1.49860E+01  1.49860E+01  2.99720E+01  5.05807E-01  5.05807E-01  1.21024E+00  0.00000E+00
    2   10  8.58535E+03  0.00000E+00  0.00000E+00  3.45143E+00  3.45143E+00  0.00000E+00  0.00000E+00  2.00000E+11  7.93000E+10  1.22893E+01  1.22893E+01  2.45783E+01  5.05150E-01  5.05150E-01  1.03059E+00  0.00000E+00
    3   11  7.77643E+03  0.00000E+00  0.00000E+00  3.24088E+00  3.24088E+00  0.00000E+00  0.00000E+00  2.00000E+11  7.93000E+10  9.94116E+00  9.94116E+00  1.98818E+01  5.05308E-01  5.05308E-01  9.40052E-01  0.00000E+00
    4   12  6.78595E+03  0.00000E+00  0.00000E+00  2.98430E+00  2.98430E+00  0.00000E+00  0.00000E+00  2.00000E+11  7.93000E+10  7.28099E+00  7.28099E+00  1.45622E+01  5.05458E-01  5.05458E-01  8.14542E-01  0.00000E+00
    5   13  5.65131E+03  0.00000E+00  0.00000E+00  2.69151E+00  2.69151E+00  0.00000E+00  0.00000E+00  2.00000E+11  7.93000E+10  5.00144E+00  5.00144E+00  1.00030E+01  5.05573E-01  5.05573E-01  6.81307E-01  0.00000E+00
    6   14  4.99439E+03  0.00000E+00  0.00000E+00  2.46704E+00  2.46704E+00  0.00000E+00  0.00000E+00  2.00000E+11  7.93000E+10  3.65240E+00  3.65240E+00  7.30488E+00  5.05858E-01  5.05858E-01  5.98896E-01  0.00000E+00
    7   15  3.72025E+03  0.00000E+00  0.00000E+00  2.37795E+00  2.37795E+00  0.00000E+00  0.00000E+00  2.00000E+11  7.93000E+10  2.52822E+00  2.52822E+00  5.05646E+00  5.04691E-01  5.04691E-01  4.46550E-01  0.00000E+00
    8   16  3.81564E+03  0.00000E+00  0.00000E+00  2.31060E+00  2.31060E+00  0.00000E+00  0.00000E+00  2.00000E+11  7.93000E+10  2.43198E+00  2.43198E+00  4.86398E+00  5.05084E-01  5.05084E-01  4.55946E-01  0.00000E+00
    9   17  4.57640E+03  0.00000E+00  0.00000E+00  2.28860E+00  2.28860E+00  0.00000E+00  0.00000E+00  2.00000E+11  7.93000E+10  2.87190E+00  2.87190E+00  5.74390E+00  5.06220E-01  5.06220E-01  5.48330E-01  0.00000E+00
________________________________________________________________________________________________________________________________________________________________________
Beam data for body number :  3 with the name :towertop
Element positions in body coordinates:
 nr_l   ID            L         r1_x         r1_y         r1_z        r12_x        r12_y        r12_z
    -    -            m            m            m            m            m            m            m
    1   18  4.34946E+00  0.00000E+00  0.00000E+00  0.00000E+00  0.00000E+00  0.00000E+00 -4.34946E+00
Element orientation in body coordinates
 nr_l   ID               Local x-vec                            Local y-vec                            Local z-vec
    -    -          x_B          y_B          z_B          x_B          y_B          z_B          x_B          y_B          z_B
    1   18 -1.00000E+00  0.00000E+00  0.00000E+00  0.00000E+00  1.00000E+00  0.00000E+00  0.00000E+00  0.00000E+00 -1.00000E+00
Element orientation in global coordinates
 nr_l   ID               Local x-vec                            Local y-vec                            Local z-vec
    -    -          x_G          y_G          z_G          x_G          y_G          z_G          x_G          y_G          z_G
    1   18 -1.00000E+00  0.00000E+00  0.00000E+00  0.00000E+00  1.00000E+00  0.00000E+00  0.00000E+00  0.00000E+00 -1.00000E+00
 nr_l   ID            M         x_cg         y_cg         ri_x         ri_y          XSC          YSC         EMOD         GMOD           IX           IY           IZ           KX           KY         AREA       STRC_P
    -    -         kg/m            m            m            m            m            m            m        N/m^2        N/m^2          m^4          m^4          m^4            -            -          m^2          deg
    1   18  1.00000E+00  0.00000E+00  0.00000E+00  1.36000E+00  1.36000E+00  0.00000E+00  0.00000E+00  2.10000E+17  8.08000E+17  5.52000E-01  5.52000E-01  1.10000E+00  5.00000E-01  5.00000E-01  2.98000E-01  0.00000E+00
________________________________________________________________________________________________________________________________________________________________________
Beam data for body number :  4 with the name :connector
Element positions in body coordinates:
 nr_l   ID            L         r1_x         r1_y         r1_z        r12_x        r12_y        r12_z
    -    -            m            m            m            m            m            m            m
    1   19  5.96769E+00  0.00000E+00  0.00000E+00  0.00000E+00  0.00000E+00  0.00000E+00  5.96769E+00
Element orientation in body coordinates
 nr_l   ID               Local x-vec                            Local y-vec                            Local z-vec
    -    -          x_B          y_B          z_B          x_B          y_B          z_B          x_B          y_B          z_B
    1   19  1.00000E+00  0.00000E+00  0.00000E+00  0.00000E+00  1.00000E+00  0.00000E+00  0.00000E+00  0.00000E+00  1.00000E+00
Element orientation in global coordinates
 nr_l   ID               Local x-vec                            Local y-vec                            Local z-vec
    -    -          x_G          y_G          z_G          x_G          y_G          z_G          x_G          y_G          z_G
    1   19  1.00000E+00  0.00000E+00  0.00000E+00  0.00000E+00 -1.04528E-01  9.94522E-01  0.00000E+00 -9.94522E-01 -1.04528E-01
 nr_l   ID            M         x_cg         y_cg         ri_x         ri_y          XSC          YSC         EMOD         GMOD           IX           IY           IZ           KX           KY         AREA       STRC_P
    -    -         kg/m            m            m            m            m            m            m        N/m^2        N/m^2          m^4          m^4          m^4            -            -          m^2          deg
    1   19  1.00000E+00  0.00000E+00  0.00000E+00  1.36000E+00  1.36000E+00  0.00000E+00  0.00000E+00  2.10000E+17  8.08000E+17  5.52000E-01  5.52000E-01  1.10000E+00  5.00000E-01  5.00000E-01  2.98000E-01  0.00000E+00
________________________________________________________________________________________________________________________________________________________________________
Beam data for body number :  5 with the name :shaft
Element positions in body coordinates:
 nr_l   ID            L         r1_x         r1_y         r1_z        r12_x        r12_y        r12_z
    -    -            m            m            m            m            m            m            m
    1   20  6.12988E+00  0.00000E+00  0.00000E+00  0.00000E+00  0.00000E+00  0.00000E+00  6.12988E+00
Element orientation in body coordinates
 nr_l   ID               Local x-vec                            Local y-vec                            Local z-vec
    -    -          x_B          y_B          z_B          x_B          y_B          z_B          x_B          y_B          z_B
    1   20  1.00000E+00  0.00000E+00  0.00000E+00  0.00000E+00  1.00000E+00  0.00000E+00  0.00000E+00  0.00000E+00  1.00000E+00
Element orientation in global coordinates
 nr_l   ID               Local x-vec                            Local y-vec                            Local z-vec
    -    -          x_G          y_G          z_G          x_G          y_G          z_G          x_G          y_G          z_G
    1   20  1.00000E+00  0.00000E+00  0.00000E+00  0.00000E+00 -1.04528E-01  9.94522E-01  0.00000E+00 -9.94522E-01 -1.04528E-01
 nr_l   ID            M         x_cg         y_cg         ri_x         ri_y          XSC          YSC         EMOD         GMOD           IX           IY           IZ           KX           KY         AREA       STRC_P
    -    -         kg/m            m            m            m            m            m            m        N/m^2        N/m^2          m^4          m^4          m^4            -            -          m^2          deg
    1   20  1.00000E+00  0.00000E+00  0.00000E+00  2.00000E-01  2.00000E-01  0.00000E+00  0.00000E+00  2.10000E+17  7.93000E+10  1.00000E+00  1.00000E+00  3.95320E+00  5.00000E-01  5.00000E-01  1.00000E+01  0.00000E+00
________________________________________________________________________________________________________________________________________________________________________
Beam data for body number :  6 with the name :hub1
Element positions in body coordinates:
 nr_l   ID            L         r1_x         r1_y         r1_z        r12_x        r12_y        r12_z
    -    -            m            m            m            m            m            m            m
    1   21  3.97000E+00  0.00000E+00  0.00000E+00  0.00000E+00  0.00000E+00  0.00000E+00  3.97000E+00
Element orientation in body coordinates
 nr_l   ID               Local x-vec                            Local y-vec                            Local z-vec
    -    -          x_B          y_B          z_B          x_B          y_B          z_B          x_B          y_B          z_B
    1   21  1.00000E+00  0.00000E+00  0.00000E+00  0.00000E+00  1.00000E+00  0.00000E+00  0.00000E+00  0.00000E+00  1.00000E+00
Element orientation in global coordinates
 nr_l   ID               Local x-vec                            Local y-vec                            Local z-vec
    -    -          x_G          y_G          z_G          x_G          y_G          z_G          x_G          y_G          z_G
    1   21 -1.00000E+00  1.28010E-17 -1.21794E-16  8.54270E-18  9.99391E-01  3.48995E-02  1.22166E-16  3.48995E-02 -9.99391E-01
 nr_l   ID            M         x_cg         y_cg         ri_x         ri_y          XSC          YSC         EMOD         GMOD           IX           IY           IZ           KX           KY         AREA       STRC_P
    -    -         kg/m            m            m            m            m            m            m        N/m^2        N/m^2          m^4          m^4          m^4            -            -          m^2          deg
    1   21  1.00000E+00  0.00000E+00  0.00000E+00  1.36000E+00  1.36000E+00  0.00000E+00  0.00000E+00  2.10000E+17  8.08000E+17  5.52000E-01  5.52000E-01  1.10000E+00  5.00000E-01  5.00000E-01  2.98000E-01  0.00000E+00
________________________________________________________________________________________________________________________________________________________________________
Beam data for body number :  7 with the name :hub2
Element positions in body coordinates:
 nr_l   ID            L         r1_x         r1_y         r1_z        r12_x        r12_y        r12_z
    -    -            m            m            m            m            m            m            m
    1   22  3.97000E+00  0.00000E+00  0.00000E+00  0.00000E+00  0.00000E+00  0.00000E+00  3.97000E+00
Element orientation in body coordinates
 nr_l   ID               Local x-vec                            Local y-vec                            Local z-vec
    -    -          x_B          y_B          z_B          x_B          y_B          z_B          x_B          y_B          z_B
    1   22  1.00000E+00  0.00000E+00  0.00000E+00  0.00000E+00  1.00000E+00  0.00000E+00  0.00000E+00  0.00000E+00  1.00000E+00
Element orientation in global coordinates
 nr_l   ID               Local x-vec                            Local y-vec                            Local z-vec
    -    -          x_G          y_G          z_G          x_G          y_G          z_G          x_G          y_G          z_G
    1   22  5.00000E-01  9.05243E-02 -8.61281E-01  6.04109E-02  9.88454E-01  1.38961E-01  8.63916E-01 -1.21511E-01  4.88758E-01
 nr_l   ID            M         x_cg         y_cg         ri_x         ri_y          XSC          YSC         EMOD         GMOD           IX           IY           IZ           KX           KY         AREA       STRC_P
    -    -         kg/m            m            m            m            m            m            m        N/m^2        N/m^2          m^4          m^4          m^4            -            -          m^2          deg
    1   22  1.00000E+00  0.00000E+00  0.00000E+00  1.36000E+00  1.36000E+00  0.00000E+00  0.00000E+00  2.10000E+17  8.08000E+17  5.52000E-01  5.52000E-01  1.10000E+00  5.00000E-01  5.00000E-01  2.98000E-01  0.00000E+00
________________________________________________________________________________________________________________________________________________________________________
Beam data for body number :  8 with the name :hub3
Element positions in body coordinates:
 nr_l   ID            L         r1_x         r1_y         r1_z        r12_x        r12_y        r12_z
    -    -            m            m            m            m            m            m            m
    1   23  3.97000E+00  0.00000E+00  0.00000E+00  0.00000E+00  0.00000E+00  0.00000E+00  3.97000E+00
Element orientation in body coordinates
 nr_l   ID               Local x-vec                            Local y-vec                            Local z-vec
    -    -          x_B          y_B          z_B          x_B          y_B          z_B          x_B          y_B          z_B
    1   23  1.00000E+00  0.00000E+00  0.00000E+00  0.00000E+00  1.00000E+00  0.00000E+00  0.00000E+00  0.00000E+00  1.00000E+00
Element orientation in global coordinates
 nr_l   ID               Local x-vec                            Local y-vec                            Local z-vec
    -    -          x_G          y_G          z_G          x_G          y_G          z_G          x_G          y_G          z_G
    1   23  5.00000E-01 -9.05243E-02  8.61281E-01 -6.04109E-02  9.88454E-01  1.38961E-01 -8.63916E-01 -1.21511E-01  4.88758E-01
 nr_l   ID            M         x_cg         y_cg         ri_x         ri_y          XSC          YSC         EMOD         GMOD           IX           IY           IZ           KX           KY         AREA       STRC_P
    -    -         kg/m            m            m            m            m            m            m        N/m^2        N/m^2          m^4          m^4          m^4            -            -          m^2          deg
    1   23  1.00000E+00  0.00000E+00  0.00000E+00  1.36000E+00  1.36000E+00  0.00000E+00  0.00000E+00  2.10000E+17  8.08000E+17  5.52000E-01  5.52000E-01  1.10000E+00  5.00000E-01  5.00000E-01  2.98000E-01  0.00000E+00
________________________________________________________________________________________________________________________________________________________________________
Beam data for body number :  9 with the name :blade1_1
Element positions in body coordinates:
 nr_l   ID            L         r1_x         r1_y         r1_z        r12_x        r12_y        r12_z
    -    -            m            m            m            m            m            m            m
    1   24  1.17183E+00  2.28304E-02 -6.86680E-03  1.02588E-05 -3.56981E-02  1.94151E-02  1.17113E+00
    2   25  1.17183E+00 -1.28678E-02  1.25483E-02  1.17114E+00 -3.52355E-02  2.12443E-02  1.17111E+00
    3   26  1.17204E+00 -4.81032E-02  3.37926E-02  2.34224E+00 -2.07424E-02  2.19943E-02  1.17165E+00
Element orientation in body coordinates
 nr_l   ID               Local x-vec                            Local y-vec                            Local z-vec
    -    -          x_B          y_B          z_B          x_B          y_B          z_B          x_B          y_B          z_B
    1   24  9.75943E-01 -2.15463E-01  3.33206E-02  2.15885E-01  9.76372E-01 -9.60586E-03 -3.04636E-02  1.65682E-02  9.99399E-01
    2   25  9.98752E-01 -3.93334E-02  3.07632E-02  3.98668E-02  9.99062E-01 -1.69238E-02 -3.00687E-02  1.81291E-02  9.99383E-01
    3   26  9.53537E-01 -3.00434E-01  2.25209E-02  3.00757E-01  9.53618E-01 -1.25770E-02 -1.76978E-02  1.87659E-02  9.99667E-01
Element orientation in global coordinates
 nr_l   ID               Local x-vec                            Local y-vec                            Local z-vec
    -    -          x_G          y_G          z_G          x_G          y_G          z_G          x_G          y_G          z_G
    1   24 -9.75943E-01 -2.14168E-01 -4.08198E-02 -2.15885E-01  9.75442E-01  4.36749E-02  3.04636E-02  5.14366E-02 -9.98212E-01
    2   25 -9.98752E-01 -3.82358E-02 -3.21172E-02 -3.98668E-02  9.97862E-01  5.17803E-02  3.00687E-02  5.29961E-02 -9.98142E-01
    3   26 -9.53537E-01 -2.99465E-01 -3.29922E-02 -3.00757E-01  9.52598E-01  4.58501E-02  1.76978E-02  5.36424E-02 -9.98403E-01
 nr_l   ID            M         x_cg         y_cg         ri_x         ri_y          XSC          YSC         EMOD         GMOD           IX           IY           IZ           KX           KY         AREA       STRC_P
    -    -         kg/m            m            m            m            m            m            m        N/m^2        N/m^2          m^4          m^4          m^4            -            -          m^2          deg
    1   24  3.02030E+03 -7.70704E-05  1.76698E-04  1.80452E+00  1.80374E+00 -1.29491E-03  4.51100E-03  1.87308E+10  3.87830E+09  7.81167E+00  7.78271E+00  2.19931E+01  7.14834E-01  7.15210E-01  2.36476E+00 -1.24733E+01
    2   25  2.87458E+03 -2.05780E-04 -4.22478E-05  1.80733E+00  1.80658E+00 -4.96489E-04  1.45179E-03  1.84382E+10  3.80636E+09  7.58761E+00  7.50799E+00  2.12943E+01  7.16409E-01  7.14019E-01  2.28159E+00 -2.28584E+00
    3   26  2.68969E+03 -7.32115E-04 -1.56322E-04  1.77771E+00  1.80165E+00  2.75622E-04 -8.66146E-05  1.81455E+10  3.73442E+09  7.04442E+00  7.11424E+00  1.99188E+01  7.19551E-01  6.94935E-01  2.19842E+00 -1.75059E+01
________________________________________________________________________________________________________________________________________________________________________
Beam data for body number : 10 with the name :blade1_2
Element positions in body coordinates:
 nr_l   ID            L         r1_x         r1_y         r1_z        r12_x        r12_y        r12_z
    -    -            m            m            m            m            m            m            m
    1   27  1.17215E+00  0.00000E+00  0.00000E+00  0.00000E+00 -1.97489E-02  1.91191E-02  1.17183E+00
    2   28  1.17220E+00 -1.97489E-02  1.91191E-02  1.17183E+00 -2.31870E-02  2.13448E-02  1.17178E+00
    3   29  1.17226E+00 -4.29359E-02  4.04639E-02  2.34361E+00 -2.21476E-02  2.11407E-02  1.17186E+00
Element orientation in body coordinates
 nr_l   ID               Local x-vec                            Local y-vec                            Local z-vec
    -    -          x_B          y_B          z_B          x_B          y_B          z_B          x_B          y_B          z_B
    1   27  8.49104E-01 -5.27729E-01  2.29203E-02  5.27957E-01  8.49256E-01 -4.95846E-03 -1.68485E-02  1.63112E-02  9.99725E-01
    2   28  8.66189E-01 -4.99028E-01  2.62302E-02  4.99325E-01  8.66394E-01 -5.90141E-03 -1.97807E-02  1.82091E-02  9.99639E-01
    3   29  8.61130E-01 -5.07748E-01  2.54349E-02  5.08034E-01  8.61317E-01 -5.93679E-03 -1.88931E-02  1.80341E-02  9.99659E-01
Element orientation in global coordinates
 nr_l   ID               Local x-vec                            Local y-vec                            Local z-vec
    -    -          x_G          y_G          z_G          x_G          y_G          z_G          x_G          y_G          z_G
    1   27 -8.49104E-01 -5.26607E-01 -4.13238E-02 -5.27957E-01  8.48566E-01  3.45941E-02  1.68485E-02  5.11911E-02 -9.98547E-01
    2   28 -8.66189E-01 -4.97809E-01 -4.36300E-02 -4.99325E-01  8.65661E-01  3.61345E-02  1.97807E-02  5.30849E-02 -9.98394E-01
    3   29 -8.61130E-01 -5.06551E-01 -4.31396E-02 -5.08034E-01  8.60585E-01  3.59927E-02  1.88931E-02  5.29107E-02 -9.98421E-01
 nr_l   ID            M         x_cg         y_cg         ri_x         ri_y          XSC          YSC         EMOD         GMOD           IX           IY           IZ           KX           KY         AREA       STRC_P
    -    -         kg/m            m            m            m            m            m            m        N/m^2        N/m^2          m^4          m^4          m^4            -            -          m^2          deg
    1   27  2.48445E+03 -1.85366E-03 -2.66745E-04  1.71531E+00  1.78867E+00  3.16149E-03  7.55075E-04  1.78889E+10  3.66572E+09  6.22292E+00  6.59146E+00  1.79115E+01  7.25518E-01  6.58391E-01  2.11048E+00 -3.18726E+01
    2   28  2.29179E+03 -3.69430E-03 -3.10670E-04  1.65364E+00  1.77674E+00  1.01727E-02  2.41826E-03  1.76684E+10  3.60026E+09  5.51210E+00  6.09229E+00  1.60367E+01  7.33972E-01  6.21747E-01  2.01777E+00 -2.99618E+01
    3   29  2.11778E+03 -7.04962E-03 -6.99383E-05  1.59406E+00  1.76679E+00  2.41655E-02  6.67433E-03  1.73372E+10  3.50766E+09  4.96619E+00  5.69858E+00  1.44711E+01  7.41477E-01  5.82473E-01  1.94726E+00 -3.05390E+01
________________________________________________________________________________________________________________________________________________________________________
Beam data for body number : 11 with the name :blade1_3
Element positions in body coordinates:
 nr_l   ID            L         r1_x         r1_y         r1_z        r12_x        r12_y        r12_z
    -    -            m            m            m            m            m            m            m
    1   30  1.17230E+00  0.00000E+00  0.00000E+00  0.00000E+00 -2.53429E-02  2.24289E-02  1.17182E+00
    2   31  1.17200E+00 -2.53429E-02  2.24289E-02  1.17182E+00 -3.78813E-02  2.68685E-02  1.17108E+00
    3   32  1.17188E+00 -6.32242E-02  4.92974E-02  2.34290E+00 -5.11783E-02  3.01878E-02  1.17037E+00
Element orientation in body coordinates
 nr_l   ID               Local x-vec                            Local y-vec                            Local z-vec
    -    -          x_B          y_B          z_B          x_B          y_B          z_B          x_B          y_B          z_B
    1   30  8.50808E-01 -5.24707E-01  2.84435E-02  5.25032E-01  8.51068E-01 -4.93480E-03 -2.16180E-02  1.91323E-02  9.99583E-01
    2   31  8.42833E-01 -5.36719E-01  3.95774E-02  5.37204E-01  8.43450E-01 -1.97446E-03 -3.23218E-02  2.29253E-02  9.99215E-01
    3   32  8.48859E-01 -5.26184E-01  5.06912E-02  5.26813E-01  8.49981E-01  1.11278E-03 -4.36720E-02  2.57602E-02  9.98714E-01
Element orientation in global coordinates
 nr_l   ID               Local x-vec                            Local y-vec                            Local z-vec
    -    -          x_G          y_G          z_G          x_G          y_G          z_G          x_G          y_G          z_G
    1   30 -8.50808E-01 -5.23395E-01 -4.67382E-02 -5.25032E-01  8.50377E-01  3.46336E-02  2.16180E-02  5.40056E-02 -9.98307E-01
    2   31 -8.42833E-01 -5.35010E-01 -5.82845E-02 -5.37204E-01  8.42867E-01  3.14092E-02  3.23218E-02  5.77834E-02 -9.97806E-01
    3   32 -8.48859E-01 -5.24094E-01 -6.90238E-02 -5.26813E-01  8.49502E-01  2.85518E-02  4.36720E-02  6.05991E-02 -9.97206E-01
 nr_l   ID            M         x_cg         y_cg         ri_x         ri_y          XSC          YSC         EMOD         GMOD           IX           IY           IZ           KX           KY         AREA       STRC_P
    -    -         kg/m            m            m            m            m            m            m        N/m^2        N/m^2          m^4          m^4          m^4            -            -          m^2          deg
    1   30  1.95406E+03 -1.15390E-02  3.83973E-04  1.53485E+00  1.75714E+00  4.27090E-02  1.34382E-02  1.68954E+10  3.38794E+09  4.51946E+00  5.37194E+00  1.31048E+01  7.46994E-01  5.40439E-01  1.89895E+00 -3.16787E+01
    2   31  1.80654E+03 -1.45921E-02  7.75118E-04  1.47321E+00  1.74484E+00  6.53898E-02  2.25059E-02  1.64537E+10  3.26823E+09  4.08896E+00  5.06786E+00  1.17504E+01  7.53068E-01  5.02218E-01  1.85063E+00 -3.25126E+01
    3   32  1.75207E+03 -9.03327E-03  7.89919E-04  1.39700E+00  1.71667E+00  1.14821E-01  3.99761E-02  1.60119E+10  3.14851E+09  3.75576E+00  4.89912E+00  1.04666E+01  7.62476E-01  4.86855E-01  1.80232E+00 -3.18243E+01
________________________________________________________________________________________________________________________________________________________________________
Beam data for body number : 12 with the name :blade1_4
Element positions in body coordinates:
 nr_l   ID            L         r1_x         r1_y         r1_z        r12_x        r12_y        r12_z
    -    -            m            m            m            m            m            m            m
    1   33  1.17179E+00  0.00000E+00  0.00000E+00  0.00000E+00 -5.14291E-02  3.00586E-02  1.17027E+00
    2   34  1.17185E+00 -5.14291E-02  3.00586E-02  1.17027E+00 -3.42446E-02  1.90554E-02  1.17119E+00
    3   35  1.17191E+00 -8.56737E-02  4.91140E-02  2.34147E+00 -3.38734E-02  1.87991E-02  1.17127E+00
Element orientation in body coordinates
 nr_l   ID               Local x-vec                            Local y-vec                            Local z-vec
    -    -          x_B          y_B          z_B          x_B          y_B          z_B          x_B          y_B          z_B
    1   33  8.57724E-01 -5.11590E-01  5.08340E-02  5.12233E-01  8.58846E-01  4.51137E-04 -4.38894E-02  2.56519E-02  9.98707E-01
    2   34  8.68712E-01 -4.94188E-01  3.34408E-02  4.94455E-01  8.69203E-01  3.15375E-04 -2.92227E-02  1.62610E-02  9.99441E-01
    3   35  8.80683E-01 -4.72552E-01  3.30540E-02  4.72824E-01  8.81157E-01 -4.68554E-04 -2.89043E-02  1.60414E-02  9.99453E-01
Element orientation in global coordinates
 nr_l   ID               Local x-vec                            Local y-vec                            Local z-vec
    -    -          x_G          y_G          z_G          x_G          y_G          z_G          x_G          y_G          z_G
    1   33 -8.57724E-01 -5.09505E-01 -6.86572E-02 -5.12233E-01  8.58339E-01  2.95224E-02  4.38894E-02  6.04906E-02 -9.97203E-01
    2   34 -8.68712E-01 -4.92719E-01 -5.06673E-02 -4.94455E-01  8.68685E-01  3.00196E-02  2.92227E-02  5.11311E-02 -9.98264E-01
    3   35 -8.80683E-01 -4.71110E-01 -4.95257E-02 -4.72824E-01  8.80604E-01  3.12202E-02  2.89043E-02  5.09120E-02 -9.98285E-01
 nr_l   ID            M         x_cg         y_cg         ri_x         ri_y          XSC          YSC         EMOD         GMOD           IX           IY           IZ           KX           KY         AREA       STRC_P
    -    -         kg/m            m            m            m            m            m            m        N/m^2        N/m^2          m^4          m^4          m^4            -            -          m^2          deg
    1   33  1.71243E+03 -2.04008E-03  7.42038E-04  1.31836E+00  1.68584E+00  1.69085E-01  5.77756E-02  1.55702E+10  3.02880E+09  3.43878E+00  4.75291E+00  9.19473E+00  7.72439E-01  4.75298E-01  1.75400E+00 -3.08456E+01
    2   34  1.62765E+03 -9.63459E-03  1.85248E-03  1.24624E+00  1.67162E+00  2.32083E-01  7.75985E-02  1.55580E+10  2.93197E+09  3.10647E+00  4.49960E+00  8.01358E+00  7.71519E-01  4.51414E-01  1.68103E+00 -2.96477E+01
    3   35  1.49924E+03 -3.18037E-02  4.12020E-03  1.18065E+00  1.67399E+00  3.04126E-01  9.84797E-02  1.59750E+10  2.85801E+09  2.75887E+00  4.13929E+00  6.92313E+00  7.59725E-01  4.15212E-01  1.58342E+00 -2.82306E+01
________________________________________________________________________________________________________________________________________________________________________
Beam data for body number : 13 with the name :blade1_5
Element positions in body coordinates:
 nr_l   ID            L         r1_x         r1_y         r1_z        r12_x        r12_y        r12_z
    -    -            m            m            m            m            m            m            m
    1   36  2.34366E+00  0.00000E+00  0.00000E+00  0.00000E+00 -6.52952E-02  3.16722E-02  2.34254E+00
    2   37  2.34402E+00 -6.52952E-02  3.16722E-02  2.34254E+00 -3.38352E-02  2.18579E-02  2.34367E+00
    3   38  2.34349E+00 -9.91304E-02  5.35301E-02  4.68621E+00  4.63640E-03  1.10711E-02  2.34346E+00
Element orientation in body coordinates
 nr_l   ID               Local x-vec                            Local y-vec                            Local z-vec
    -    -          x_B          y_B          z_B          x_B          y_B          z_B          x_B          y_B          z_B
    1   36  8.97885E-01 -4.39139E-01  3.09648E-02  4.39347E-01  8.98317E-01  1.00558E-04 -2.78604E-02  1.35140E-02  9.99520E-01
    2   37  9.17190E-01 -3.98090E-01  1.69540E-02  3.98190E-01  9.17299E-01 -2.80646E-03 -1.44347E-02  9.32498E-03  9.99852E-01
    3   38  9.23231E-01 -3.84246E-01 -1.12866E-05  3.84241E-01  9.23219E-01 -5.12171E-03  1.97842E-03  4.72419E-03  9.99987E-01
Element orientation in global coordinates
